WSA	FN	North	PD	Dist	Elev	Inc	lnPD	lnDist	lnInc
0.0	0	0.0	0.213	4.661	6.0	23.94	-1.5464631	1.53923	3.1755507
0.0	1	0.0		3.667	5.0	23.94		1.2993739	3.1755507
1.0	0	0.0	0.28	3.022	9.0	23.94	-1.2729657	1.1059189	3.1755507
0.0	0	0.0	7.471	1.09	6.0	23.94	2.0110288	0.08617773	3.1755507
0.0	0	0.0	0.203	7.561	9.0	23.94	-1.5945493	2.0230033	3.1755507
0.0	0	0.0	0.22	7.28	8.0	23.94	-1.5141277	1.9851309	3.1755507
0.0	0	0.0	0.131	4.787	10.0	23.94	-2.032558	1.5659039	3.1755507
0.0	0	0.0	0.166	7.842	10.0	23.94	-1.7957675	2.059494	3.1755507
0.0	0	0.0	11.493	3.873	6.0	28.802	2.4417381	1.3540294	3.3604448
1.0	0	0.0	0.419	1.475	8.0	28.802	-0.8698844	0.38865802	3.3604448
	0	0.0	0.221	7.216	8.0	28.802	-1.5095925	1.9763008	3.3604448
1.0	0	0.0	0.162	0.563	6.0	28.802	-1.820159	-0.5744756	3.3604448
0.0	0	0.0	0.701	7.597	7.0	28.802	-0.35524744	2.0277534	3.3604448
0.0	0	0.0	6.402	9.963	6.0	28.802	1.8566104	2.2988782	3.3604448
1.0	0	0.0	0.698	10.731	7.0	28.802	-0.35953617	2.3731368	3.3604448
0.0	0	0.0	2.923	1.346	10.0	32.908	1.0726105	0.2971372	3.4937158
1.0	0	0.0	0.215	1.053	10.0	26.72	-1.5371172	0.051643208	3.2854123
0.0	0	0.0	8.444	11.925	10.0	26.72	2.1334562	2.478637	3.2854123
1.0	0	0.0	0.184	2.221	13.0	26.72	-1.6928195	0.79795754	3.2854123
0.0	0	0.0	10.588	13.922	10.0	26.72	2.3597214	2.6334703	3.2854123
1.0	0	0.0	0.219	10.708	12.0	26.72	-1.5186836	2.3709912	3.2854123
0.0	0	0.0	0.155	1.04	9.0	26.72	-1.8643302	0.039220676	3.2854123
0.0	0	0.0	7.538	13.476	9.0	26.72	2.0199568	2.6009104	3.2854123
0.0	0	0.0	3.764	21.058	14.0	26.72	1.3254822	3.0472806	3.2854123
0.0	0	0.0	0.134	0.861	12.0	26.72	-2.0099154	-0.14966077	3.2854123
0.0	0	0.0	0.405	7.919	11.0	26.72	-0.9038682	2.069265	3.2854123
1.0	0	0.0	0.13	0.799	13.0	26.978	-2.040221	-0.2243943	3.2950218
0.0	0	0.0	10.707	6.521	12.0	26.978	2.3708978	1.8750278	3.2950218
0.0	0	0.0	5.702	16.67	14.0	26.978	1.7408171	2.8136108	3.2950218
0.0	0	0.0	10.7	15.196	14.0	26.978	2.3702438	2.7210321	3.2950218
0.0	0	0.0	0.231	1.502	15.0	26.978	-1.4653375	0.40679753	3.2950218
0.0	0	0.0	2.602	5.494	10.0	27.012	0.95628035	1.7036566	3.296281
0.0	0	0.0	0.194	4.835	15.0	27.012	-1.6398971	1.5758811	3.296281
0.0	0	0.0	0.443	8.919	11.0	25.504	-0.81418556	2.1881838	3.2388353
0.0	0	0.0	0.335	0.47	9.0	25.504	-1.0936247	-0.7550226	3.2388353
0.0	0	0.0	7.24	5.163	10.0	23.916	1.9796212	1.6415179	3.1745477
1.0	1	0.0		0.689	10.0	23.916		-0.37251398	3.1745477
0.0	0	0.0	1.978	8.236	11.0	23.916	0.6820862	2.1085148	3.1745477
0.0	0	0.0	0.865	4.677	12.0	23.916	-0.14502576	1.5426569	3.1745477
0.0	0	0.0	0.175	10.708	17.0	23.916	-1.7429693	2.3709912	3.1745477
0.0	0	0.0	0.063	7.157	21.0	23.916	-2.7646205	1.9680909	3.1745477
0.0	0	0.0	0.077	7.164	24.0	23.916	-2.5639498	1.9690685	3.1745477
0.0	0	0.0	0.073	7.104	25.0	23.916	-2.6172957	1.9606581	3.1745477
0.0	0	0.0	0.168	29.9	34.0	23.916	-1.7837913	3.3978584	3.1745477
1.0	0	0.0	0.243	2.09	10.0	24.84	-1.4146938	0.737164	3.2124553
0.0	0	0.0	0.461	5.156	20.0	26.254	-0.77435726	1.6401612	3.2678185
	0	0.0	0.295	4.902	16.0	26.254	-1.22078	1.5896432	3.2678185
1.0	0	0.0	0.428	1.753	25.0	26.254	-0.8486321	0.5613286	3.2678185
0.0	0	0.0	0.588	7.408	15.0	26.254	-0.53102833	2.0025604	3.2678185
0.0	0	0.0	8.14	8.168	9.0	26.254	2.0967903	2.100224	3.2678185
0.0	0	0.0	0.162	3.326	28.0	26.254	-1.820159	1.2017704	3.2678185
0.0	0	0.0	0.24	4.171	18.0	26.254	-1.4271164	1.4281558	3.2678185
1.0	0	0.0	0.264	8.107	20.0	24.73	-1.3318062	2.092728	3.208017
0.0	0	0.0	0.199	0.98	22.0	24.73	-1.6144505	-0.020202687	3.208017
0.0	1	0.0	0.599	3.25	22.0	24.73	-0.5124937	1.178655	3.208017
	0	0.0	0.288	4.445	21.0	24.73	-1.2447948	1.4917799	3.208017
0.0	0	0.0	12.826	6.31	20.0	24.73	2.5514743	1.8421357	3.208017
1.0	0	0.0	0.546	0.806	27.0	24.73	-0.6051363	-0.21567154	3.208017
0.0	1	0.0	1.601	2.956	25.0	24.73	0.4706284	1.083837	3.208017
0.0	0	0.0	0.088	7.682	24.0	24.73	-2.4304185	2.0388799	3.208017
0.0	0	0.0	0.062	1.681	28.0	24.73	-2.7806208	0.51938885	3.208017
0.0	0	0.0	0.244	1.888	27.0	25.005	-1.4105871	0.6355181	3.2190757
1.0	0	0.0	13.44	3.67	12.0	32.005	2.5982354	1.3001916	3.465892
1.0	0	0.0	7.588	3.199	14.0	32.005	2.026568	1.1628382	3.465892
1.0	0	0.0	9.72	3.671	15.0	32.005	2.2741857	1.3004642	3.465892
1.0	0	0.0	1.273	3.536	16.0	32.005	0.24137633	1.2629962	3.465892
1.0	0	0.0	0.452	0.599	28.0	32.005	-0.7940731	-0.5124937	3.465892
0.0	1	0.0	0.279	6.624	27.0	32.005	-1.2765435	1.8906994	3.465892
1.0	0	0.0	0.456	6.581	29.0	32.005	-0.78526247	1.8841867	3.465892
1.0	0	0.0	0.283	6.245	25.0	32.005	-1.2623084	1.8317811	3.465892
1.0	0	0.0	8.731	3.528	22.0	28.829	2.16688	1.2607312	3.3613818
1.0	0	0.0	12.305	3.377	20.0	28.829	2.5100057	1.2169877	3.3613818
1.0	0	0.0	16.127	3.278	24.0	28.829	2.780495	1.1872336	3.3613818
1.0	0	0.0	1.18	3.477	32.0	28.829	0.1655144	1.2461698	3.3613818
1.0	0	0.0	9.599	2.666	26.0	28.829	2.261659	0.9805792	3.3613818
1.0	0	0.0	19.51	3.381	25.0	28.829	2.9709272	1.2181715	3.3613818
1.0	0	0.0	0.585	3.557	29.0	28.829	-0.5361435	1.2689174	3.3613818
1.0	0	0.0	0.86	2.674	28.0	28.829	-0.15082288	0.98357546	3.3613818
1.0	0	0.0	1.472	1.36	22.0	28.829	0.386622	0.30748472	3.3613818
0.0	1	0.0	0.243	4.273	22.0	28.829	-1.4146938	1.452316	3.3613818
0.0	0	0.0	39.724	5.812	16.0	24.544	3.6819556	1.7599248	3.2004673
1.0	0	0.0	23.171	6.161	17.0	27.879	3.1429014	1.8182391	3.3278737
1.0	0	0.0	0.83	1.249	30.0	27.879	-0.1863296	0.22234319	3.3278737
	0	0.0	0.144	2.596	47.0	29.795	-1.937942	0.9539718	3.3943405
0.0	0	0.0	0.145	0.922	48.0	29.795	-1.9310216	-0.08121006	3.3943405
0.0	0	0.0	0.18	5.505	48.0	29.795	-1.7147983	1.7056568	3.3943405
0.0	0	0.0	0.255	1.955	45.0	29.795	-1.3664918	0.6703902	3.3943405
0.0	0	0.0	17.293	9.788	44.0	29.795	2.8503017	2.2811573	3.3943405
0.0	0	0.0	0.116	2.4	38.0	29.795	-2.154165	0.8754688	3.3943405
0.0	0	0.0	7.989	10.042	49.0	29.795	2.0780656	2.3067763	3.3943405
0.0	0	0.0	13.255	6.053	33.0	30.186	2.584375	1.800554	3.4073782
1.0	0	0.0	0.414	2.544	36.0	30.186	-0.8818893	0.93373764	3.4073782
0.0	0	0.0	0.375	5.418	40.0	30.186	-0.98082924	1.6897268	3.4073782
0.0	0	0.0	0.64	6.932	42.0	30.186	-0.44628713	1.9361484	3.4073782
0.0	0	0.0	0.184	6.279	42.0	30.186	-1.6928195	1.8372107	3.4073782
0.0	0	0.0	0.283	12.582	38.0	30.186	-1.2623084	2.532267	3.4073782
0.0	0	0.0	0.213	4.21	46.0	30.186	-1.5464631	1.4374627	3.4073782
1.0	0	0.0	11.952	6.184	11.0	35.433	2.4808986	1.8219653	3.5676436
1.0	0	0.0	8.852	4.228	19.0	35.433	2.1806436	1.4417291	3.5676436
1.0	0	0.0	1.471	4.253	24.0	35.433	0.3859424	1.4476246	3.5676436
1.0	0	0.0	2.001	5.405	26.0	35.433	0.693647	1.6873245	3.5676436
1.0	0	0.0	4.516	3.542	10.0	26.353	1.5076267	1.2646916	3.2715821
1.0	0	0.0	1.799	6.328	20.0	25.832	0.587231	1.8449843	3.251614
1.0	0	0.0	1.525	3.571	19.0	25.832	0.4219944	1.2728457	3.251614
1.0	0	0.0	0.34	3.143	19.0	25.832	-1.0788096	1.1451777	3.251614
1.0	0	0.0	1.278	4.363	24.0	25.832	0.24529636	1.4731599	3.251614
1.0	0	0.0	6.207	4.158	18.0	25.832	1.8256776	1.4250342	3.251614
1.0	0	0.0	2.196	3.943	18.0	25.832	0.78663754	1.3719419	3.251614
1.0	0	0.0	3.921	4.088	18.0	25.832	1.3663467	1.4080558	3.251614
1.0	0	0.0	1.098	4.708	9.0	25.832	0.09349039	1.5492632	3.251614
1.0	0	0.0	13.733	4.527	10.0	25.832	2.6198018	1.5100595	3.251614
1.0	0	0.0	1.334	4.956	18.0	25.832	0.28818193	1.6005989	3.251614
1.0	0	0.0	3.472	7.504	19.0	25.832	1.2447307	2.0154362	3.251614
1.0	0	0.0	0.361	1.059	18.0	25.033	-1.0188773	0.05732508	3.220195
0.0	1	0.0		0.973	21.0	28.87593		-0.027371207	3.3630085
0.0	0	0.0	0.389	1.548	24.0	25.033	-0.94417596	0.43696377	3.220195
1.0	0	0.0	0.408	3.163	24.0	26.693	-0.89648813	1.151521	3.2844014
0.0	0	0.0	12.445	10.247	23.0	26.693	2.521319	2.326985	3.2844014
1.0	1	0.0	0.2105171	3.713	22.0	28.87593	-1.5581884	1.3118402	3.3630085
1.0	0	0.0	0.484	2.958	32.0	29.449	-0.7256704	1.0845133	3.38266
1.0	0	0.0	10.665	4.91	29.0	29.449	2.3669674	1.5912739	3.38266
1.0	0	0.0	14.952	3.263	32.0	29.449	2.704845	1.182647	3.38266
1.0	0	0.0	15.207	5.301	34.0	29.449	2.7217557	1.6678956	3.38266
1.0	0	0.0	0.648	5.158	37.0	29.449	-0.4338646	1.640549	3.38266
1.0	0	0.0	0.352	3.896	39.0	29.449	-1.0441241	1.3599503	3.38266
1.0	0	0.0	0.603	2.835	32.0	29.449	-0.5058381	1.0420419	3.38266
0.0	0	0.0	12.051	9.993	36.0	27.935	2.4891477	2.301885	3.3298805
0.0	0	0.0	0.105	1.484	33.0	27.935	-2.253795	0.39474112	3.3298805
0.0	0	0.0	5.302	7.367	31.0	27.935	1.6680841	1.9970106	3.3298805
0.0	0	0.0	0.153	5.934	35.0	27.935	-1.8773174	1.7806985	3.3298805
0.0	0	0.0	0.168	1.689	37.0	27.935	-1.7837913	0.52413666	3.3298805
0.0	0	0.0	0.248	8.762	38.0	27.935	-1.3943266	2.1704242	3.3298805
1.0	0	0.0	0.243	2.11	28.0	28.146	-1.4146938	0.7466879	3.3374052
1.0	0	0.0	6.636	10.013	22.0	28.146	1.8925093	2.3038843	3.3374052
1.0	0	0.0	0.205	1.632	27.0	28.146	-1.5847453	0.48980623	3.3374052
1.0	0	0.0	9.119	7.333	29.0	28.146	2.2103603	1.9923848	3.3374052
1.0	0	0.0	0.154	1.694	33.0	28.146	-1.8708026	0.5270926	3.3374052
1.0	0	0.0	0.297	2.218	33.0	28.146	-1.2140231	0.7966059	3.3374052
1.0	0	0.0	8.103	9.13	31.0	28.146	2.0922344	2.2115657	3.3374052
1.0	0	0.0	0.187	3.01	30.0	28.146	-1.6766466	1.10194	3.3374052
1.0	0	0.0	0.275	2.767	23.0	27.172	-1.2909842	1.0177637	3.302187
1.0	0	0.0	0.223	0.776	23.0	27.172	-1.5005835	-0.25360274	3.302187
1.0	0	0.0	11.357	5.131	23.0	27.172	2.4298344	1.6353006	3.302187
1.0	0	0.0	0.454	1.529	24.0	27.172	-0.78965807	0.42461395	3.302187
1.0	0	0.0	10.177	2.209	23.0	27.172	2.3201303	0.79253995	3.302187
1.0	0	0.0	0.157	1.437	22.0	27.172	-1.8515095	0.36255762	3.302187
1.0	0	0.0	0.13	3.307	22.0	27.172	-2.040221	1.1960415	3.302187
0.0	0	0.0	0.166	4.546	21.0	27.172	-1.7957675	1.5142478	3.302187
1.0	0	0.0	0.44	1.417	18.5	25.753	-0.82098055	0.348542	3.2485511
0.0	1	0.0	0.327	12.527	20.0	25.753	-1.1177951	2.5278864	3.2485511
1.0	0	0.0	1.101	7.694	18.5	27.852	0.09621882	2.0404408	3.3269048
1.0	0	0.0	0.847	6.618	20.0	27.852	-0.16605458	1.8897932	3.3269048
1.0	0	0.0	0.721	3.377	18.5	27.852	-0.32711613	1.2169877	3.3269048
0.0	0	0.0	1.171	3.564	18.5	27.852	0.15785809	1.2708834	3.3269048
1.0	0	0.0	4.238	5.392	17.5	27.852	1.4440914	1.6849164	3.3269048
0.0	0	0.0	14.735	3.374	18.5	27.852	2.6902256	1.216099	3.3269048
1.0	0	0.0	2.558	4.491	18.5	27.852	0.93922573	1.5020754	3.3269048
1.0	0	0.0	0.627	4.614	18.5	27.852	-0.46680877	1.5290952	3.3269048
1.0	0	0.0	0.237	1.256	18.5	26.772	-1.4396951	0.2279321	3.2873566
0.0	1	0.0	0.137	18.47	18.0	26.772	-1.9877744	2.9161477	3.2873566
1.0	0	0.0	0.049	2.69	20.0	26.772	-3.015935	0.98954123	3.2873566
1.0	0	0.0	0.085	3.875	22.0	26.772	-2.465104	1.3545457	3.2873566
1.0	0	0.0	0.092	1.334	20.5	26.772	-2.3859668	0.28818193	3.2873566
1.0	0	0.0	0.877	6.457	19.5	26.772	-0.13124831	1.8651648	3.2873566
0.0	0	0.0	4.117	5.932	19.5	26.772	1.4151248	1.7803614	3.2873566
1.0	1	0.0	0.562	6.155	18.5	26.772	-0.5762535	1.8172648	3.2873566
1.0	0	0.0	4.338	0.809	18.5	26.772	1.4674134	-0.21195634	3.2873566
1.0	0	0.0	6.181	6.393	18.0	26.772	1.8214802	1.8552036	3.2873566
1.0	0	0.0	0.235	5.438	20.0	26.772	-1.4481697	1.6934114	3.2873566
1.0	0	0.0	0.337	1.105	20.0	26.772	-1.0876724	0.09984535	3.2873566
1.0	0	0.0	0.136	8.563	23.0	26.772	-1.9951004	2.1474504	3.2873566
0.0	1	0.0	1.108	6.781	18.0	26.772	0.10255662	1.9141246	3.2873566
1.0	0	0.0	2.367	10.492	21.0	27.611	0.86162335	2.350613	3.3182142
1.0	0	0.0	0.138	0.606	22.0	27.611	-1.9805017	-0.5008753	3.3182142
1.0	0	0.0	0.729	1.563	24.0	27.611	-0.31608158	0.44660702	3.3182142
0.0	1	0.0	0.191	0.945	22.0	27.611	-1.6554818	-0.05657036	3.3182142
1.0	1	0.0	0.149	0.465	22.0	27.611	-1.903809	-0.76571786	3.3182142
0.0	1	0.0		3.912	22.0	27.611		1.3640487	3.3182142
0.0	0	0.0	0.302	2.754	28.0	27.611	-1.1973283	1.0130544	3.3182142
1.0	0	0.0	0.265	1.27	27.0	27.611	-1.3280255	0.23901689	3.3182142
1.0	0	0.0	8.379	3.94	27.0	27.611	2.1257286	1.3711808	3.3182142
1.0	0	0.0	0.113	5.028	22.0	27.611	-2.1803675	1.6150223	3.3182142
1.0	0	0.0	0.248	5.539	31.0	27.611	-1.3943266	1.7118139	3.3182142
1.0	0	0.0	0.235	5.271	25.0	25.192	-1.4481697	1.6622201	3.2265265
1.0	0	0.0	0.171	5.13	26.0	25.192	-1.7660917	1.6351057	3.2265265
0.0	0	0.0	0.171	1.143	29.0	25.192	-1.7660917	0.1336564	3.2265265
0.0	0	0.0	9.561	13.455	22.0	25.192	2.2576923	2.5993507	3.2265265
1.0	0	0.0	0.139	5.348	34.0	25.192	-1.9732814	1.6767226	3.2265265
0.0	0	0.0	0.09	4.493	32.0	25.192	-2.4079456	1.5025207	3.2265265
0.0	0	0.0	0.28	5.396	32.0	25.192	-1.2729657	1.685658	3.2265265
1.0	0	0.0	0.092	1.202	25.0	25.192	-2.3859668	0.18398686	3.2265265
	0	0.0	0.122	9.363	35.0	24.142	-2.1037343	2.2367659	3.183953
1.0	0	0.0	0.148	9.559	26.0	24.142	-1.910543	2.257483	3.183953
0.0	0	0.0	0.208	6.223	26.0	24.142	-1.5702171	1.8282521	3.183953
1.0	0	0.0	0.171	7.9	27.0	24.142	-1.7660917	2.0668628	3.183953
0.0	0	0.0	0.147	3.538	25.0	24.142	-1.9173226	1.2635616	3.183953
0.0	0	0.0	0.687	5.007	21.0	24.142	-0.37542102	1.610837	3.183953
0.0	0	0.0	0.158	2.588	20.0	24.142	-1.8451602	0.9508854	3.183953
1.0	1	0.0	0.186	11.077	21.0	24.142	-1.6820086	2.4048707	3.183953
0.0	1	0.0	0.093	18.126	18.0	24.142	-2.3751557	2.8973475	3.183953
0.0	0	0.0	0.049	6.791	21.0	24.142	-3.015935	1.9155982	3.183953
0.0	0	0.0	0.139	7.168	34.0	23.914	-1.9732814	1.9696267	3.174464
0.0	0	0.0	0.111	4.666	48.0	23.914	-2.198225	1.5403022	3.174464
0.0	0	0.0	0.108	7.184	44.0	23.914	-2.225624	1.9718564	3.174464
0.0	0	0.0	0.107	8.169	34.0	23.914	-2.2349265	2.1003466	3.174464
1.0	0	0.0	0.238	5.018	46.0	23.914	-1.4354845	1.6130315	3.174464
1.0	0	0.0	0.186	1.834	35.0	23.914	-1.6820086	0.6064994	3.174464
1.0	0	0.0	0.174	2.491	24.0	23.914	-1.7487	0.9126842	3.174464
0.0	0	0.0	8.981	7.024	22.0	23.914	2.1951113	1.9493328	3.174464
0.0	0	0.0	0.287	6.532	27.0	27.838	-1.248273	1.8767132	3.326402
1.0	0	0.0	0.253	1.488	27.0	27.838	-1.3743658	0.39743295	3.326402
1.0	0	0.0	1.01	3.754	23.0	27.838	0.009950321	1.322822	3.326402
0.0	0	0.0	0.325	3.44	22.0	27.838	-1.1239301	1.2354715	3.326402
1.0	0	0.0	1.196	5.448	27.0	27.838	0.17898265	1.6952486	3.326402
0.0	0	0.0	0.225	7.685	20.0	27.838	-1.4916549	2.0392704	3.326402
0.0	0	0.0	1.097	3.35	30.0	27.838	0.092579186	1.2089603	3.326402
1.0	0	0.0	0.226	1.156	23.0	27.838	-1.4872203	0.14496578	3.326402
1.0	0	0.0	0.605	4.777	22.0	27.838	-0.50252676	1.5638127	3.326402
0.0	0	0.0	0.341	1.173	34.0	27.838	-1.0758728	0.15956455	3.326402
0.0	0	0.0	5.168	9.13	18.0	27.838	1.6424859	2.2115657	3.326402
0.0	0	0.0	16.681	6.282	24.0	27.838	2.8142703	1.8376884	3.326402
0.0	0	0.0	10.578	8.791	22.0	27.838	2.3587763	2.1737285	3.326402
0.0	0	0.0	2.572	6.261	19.0	27.838	0.9446838	1.83434	3.326402
0.0	0	0.0	0.314	0.132	23.0	27.838	-1.1583623	-2.0249534	3.326402
0.0	1	0.0	0.112	3.174	24.0	27.838	-2.1892564	1.1549926	3.326402
0.0	1	0.0	3.978	6.807	18.0	27.838	1.3807791	1.9179515	3.326402
0.0	0	0.0	0.702	2.33	22.0	27.838	-0.35382184	0.84586823	3.326402
0.0	0	0.0	3.686	3.169	23.0	27.838	1.304542	1.153416	3.326402
0.0	0	0.0	5.603	1.351	22.0	27.838	1.7233022	0.30084503	3.326402
1.0	0	1.0	0.213	8.209	26.0	25.197	-1.5464631	2.105231	3.2267249
1.0	0	1.0	0.254	6.718	32.0	25.197	-1.3704209	1.9047905	3.2267249
1.0	0	1.0	0.053	9.273	36.0	25.197	-2.9374633	2.2271068	3.2267249
1.0	0	1.0	0.26	5.935	32.0	25.197	-1.3470737	1.780867	3.2267249
1.0	0	1.0	0.083	9.877	24.0	25.197	-2.4889147	2.2902088	3.2267249
1.0	0	1.0	0.044	0.383	20.0	25.197	-3.1235657	-0.9597203	3.2267249
0.0	1	1.0	0.78	12.164	19.0	25.197	-0.2484614	2.4984808	3.2267249
0.0	0	0.0	0.044	15.472	38.0	21.579	-3.1235657	2.739032	3.0717206
0.0	0	0.0	0.066	17.7	29.0	21.579	-2.7181005	2.8735647	3.0717206
0.0	0	0.0	5.491	17.867	10.0	25.258	1.7031105	2.8829556	3.229143
0.0	0	0.0	0.065	7.186	32.0	25.258	-2.7333682	1.9721347	3.229143
0.0	0	0.0	0.064	9.648	18.0	25.258	-2.748872	2.2667506	3.229143
0.0	0	0.0	0.062	11.084	26.0	25.258	-2.7806208	2.4055026	3.229143
0.0	0	0.0	6.144	22.432	13.0	25.258	1.8154761	3.1104884	3.229143
0.0	0	0.0	0.123	8.704	16.0	25.258	-2.0955708	2.1637828	3.229143
0.0	0	0.0	9.707	9.85	12.0	25.258	2.2728472	2.2874715	3.229143
1.0	0	0.0	0.168	1.014	17.0	25.258	-1.7837913	0.013902962	3.229143
0.0	0	0.0	0.89	5.896	15.0	25.258	-0.11653383	1.7742741	3.229143
0.0	0	0.0	0.044	2.096	18.0	25.258	-3.1235657	0.74003077	3.229143
0.0	0	0.0	0.829	6.938	14.0	25.258	-0.18753512	1.9370136	3.229143
0.0	0	1.0	5.48	51.694	17.0	23.509	1.7011051	3.9453418	3.1573834
0.0	0	1.0	1.714	5.509	31.0	23.509	0.5388298	1.7063831	3.1573834
0.0	0	1.0	0.067	1.097	21.336	23.509	-2.7030625	0.092579186	3.1573834
0.0	0	1.0	0.005	0.611	30.0	23.509	-5.2983174	-0.49265832	3.1573834
0.0	1	1.0		8.512	32.0	23.509		2.1414769	3.1573834
0.0	1	1.0	0.231	8.825	20.0	23.509	-1.4653375	2.1775885	3.1573834
0.0	0	1.0	2.861	23.347	32.0	22.111	1.0511712	3.1504686	3.0960753
1.0	0	1.0	0.103	2.079	26.0	22.111	-2.2730262	0.731887	3.0960753
0.0	0	1.0	4.364	7.944	20.0	22.111	1.473389	2.0724168	3.0960753
0.0	0	1.0	2.645	22.431	34.0	22.111	0.97267103	3.1104438	3.0960753
0.0	0	1.0	0.149	5.996	27.0	22.111	-1.903809	1.7910925	3.0960753
0.0	0	1.0	0.322	8.684	23.0	22.111	-1.1332037	2.1614823	3.0960753
0.0	1	1.0	0.061	19.432	22.0	22.111	-2.7968814	2.966921	3.0960753
0.0	1	1.0	0.049	2.19	20.0	22.111	-3.015935	0.7839016	3.0960753
0.0	1	1.0	0.037	19.909	20.0	22.111	-3.2968373	2.9911718	3.0960753
0.0	1	1.0	0.013	24.309	22.0	22.111	-4.342806	3.1908467	3.0960753
0.0	1	1.0	0.016	23.533	20.0	22.111	-4.1351666	3.1584036	3.0960753
0.0	0	1.0	0.029	1.96	20.0	19.894	-3.5404594	0.6729445	2.9904182
0.0	0	1.0	0.045	2.722	20.0	19.894	-3.1010928	1.0013669	2.9904182
0.0	0	1.0	0.04	2.265	23.0	19.894	-3.218876	0.8175748	2.9904182
0.0	0	1.0	0.055	0.986	23.0	19.894	-2.900422	-0.014098923	2.9904182
	0	1.0	0.026	1.867	23.0	19.894	-3.6496587	0.62433285	2.9904182
0.0	0	1.0	1.754	10.693	19.0	19.894	0.5618989	2.3695893	2.9904182
0.0	0	1.0	0.003	3.826	20.0	19.894	-5.809143	1.3418199	2.9904182
0.0	1	0.0	0.08745535	15.106	18.130898	22.13976	-2.436627	2.715092	3.0973752
0.0	1	1.0	0.533	5.475	20.0	19.894	-0.6292339	1.7001922	2.9904182
0.0	1	1.0	0.078	4.482	25.0	19.894	-2.5510464	1.5000694	2.9904182
0.0	1	1.0	0.058	6.826	18.0	19.894	-2.8473122	1.9207389	2.9904182
0.0	1	1.0	0.053	0.915	20.0	19.894	-2.9374633	-0.088831194	2.9904182
0.0	1	1.0	0.233	7.725	21.0	19.894	-1.4567169	2.0444617	2.9904182
0.0	1	1.0	0.087	1.803	20.0	19.894	-2.441847	0.5894519	2.9904182
1.0	0	1.0	0.049	20.368	25.908	23.493	-3.015935	3.0139651	3.1567025
0.0	0	1.0	0.04	3.508	20.0	23.493	-3.218876	1.255046	3.1567025
0.0	0	1.0	0.645	10.68	26.0	23.493	-0.438505	2.368373	3.1567025
0.0	0	1.0	0.031	6.792	28.0	23.493	-3.473768	1.9157454	3.1567025
1.0	1	1.0	0.02	21.757	24.0	23.493	-3.912023	3.0799356	3.1567025
0.0	1	1.0	0.041	54.976	35.0	23.493	-3.194183	4.006897	3.1567025
0.0	1	1.0	0.026	1.475	45.0	23.493	-3.6496587	0.38865802	3.1567025
0.0	1	1.0	0.421	2.999	44.0	23.493	-0.86512244	1.0982789	3.1567025
0.0	1	1.0	0.801	2.585	44.0	23.493	-0.22189434	0.9497255	3.1567025
0.0	0	1.0	1.65	0.76	45.0	23.493	0.5007753	-0.27443686	3.1567025
1.0	0	1.0	0.493	2.626	32.0	27.469	-0.7072461	0.96546173	3.3130581
1.0	0	1.0	0.024	0.415	28.0	22.541	-3.7297015	-0.8794768	3.115336
	0	1.0	0.029	4.641	38.0	22.541	-3.5404594	1.5349299	3.115336
0.0	0	1.0	5.828	4.231	30.0	22.541	1.7626739	1.4424384	3.115336
0.0	0	1.0	0.606	1.345	26.0	22.541	-0.5008753	0.29639402	3.115336
0.0	0	1.0	0.128	6.804	24.0	22.541	-2.0557249	1.9175106	3.115336
0.0	0	1.0	0.048	24.738	36.0	22.541	-3.0365543	3.2083406	3.115336
1.0	0	1.0	0.066	0.944	26.0	22.541	-2.7181005	-0.05762911	3.115336
0.0	0	1.0	4.917	5.419	20.0	22.541	1.5926986	1.6899114	3.115336
0.0	0	1.0	0.007	5.206	33.0	22.541	-4.961845	1.6498117	3.115336
0.0	1	1.0	0.021	14.503	34.0	22.541	-3.8632329	2.6743555	3.115336
0.0	0	1.0	0.078	6.464	32.0	22.541	-2.5510464	1.8662484	3.115336
0.0	0	1.0	0.032	5.029	28.0	22.541	-3.4420192	1.6152211	3.115336
0.0	0	1.0	0.315	20.769	32.0	22.541	-1.1551826	3.0334613	3.115336
0.0	0	1.0	0.023	8.113	30.0	25.417	-3.7722611	2.0934677	3.2354183
0.0	0	1.0	0.145	8.405	32.0	25.417	-1.9310216	2.1288266	3.2354183
1.0	0	1.0	0.079	11.572	27.0	25.417	-2.5383074	2.4485884	3.2354183
0.0	1	1.0	0.014	28.061	30.0	25.417	-4.2686977	3.3343806	3.2354183
0.0	0	1.0	0.102	6.35	28.0	25.417	-2.2827826	1.8484548	3.2354183
0.0	0	1.0	0.074	24.316	26.0	25.417	-2.6036901	3.1911345	3.2354183
0.0	0	1.0	0.006	6.85	23.0	25.417	-5.115996	1.9242487	3.2354183
0.0	0	1.0	0.055	5.397	24.0	25.417	-2.900422	1.6858432	3.2354183
0.0	0	1.0	1.013	11.79	22.0	25.417	0.012916236	2.4672518	3.2354183
0.0	0	1.0	0.025	4.919	23.0	25.417	-3.6888795	1.5931053	3.2354183
0.0	0	1.0	0.008	11.051	23.0	25.417	-4.828314	2.402521	3.2354183
0.0	0	1.0	0.57	20.617	24.0	25.417	-0.56211895	3.026116	3.2354183
0.0	0	1.0	0.019	13.025	23.0	25.417	-3.9633164	2.5668705	3.2354183
0.0	1	1.0		7.044	1.0	25.417		1.9521762	3.2354183
0.0	1	1.0	0.268	32.827	24.0	25.417	-1.3167683	3.4912512	3.2354183
0.0	1	1.0	0.596	20.937	26.0	25.417	-0.5175146	3.041518	3.2354183
0.0	0	1.0	0.036	0.775	1.0	25.417	-3.3242364	-0.2548923	3.2354183
	0	1.0	0.7	8.821	20.0	24.427	-0.35667497	2.1771352	3.195689
	0	1.0	0.087	2.21	21.336	24.427	-2.441847	0.79299253	3.195689
0.0	0	1.0	0.059	4.59	26.0	24.427	-2.8302178	1.52388	3.195689
0.0	0	1.0	0.953	7.697	20.0	24.427	-0.048140366	2.0408306	3.195689
0.0	1	1.0	0.114	9.409	20.0	24.427	-2.1715567	2.2416668	3.195689
0.0	0	1.0	2.999	8.768	18.0	24.427	1.0982789	2.1711087	3.195689
0.0	0	1.0	0.073	0.978	24.0	24.427	-2.6172957	-0.022245623	3.195689
0.0	0	1.0	0.069	7.111	20.0	24.427	-2.6736488	1.9616429	3.195689
0.0	0	1.0	0.024	2.022	25.908	24.427	-3.7297015	0.70408714	3.195689
0.0	0	1.0	0.165	3.751	36.0	24.427	-1.8018098	1.3220224	3.195689
0.0	0	1.0	0.096	3.277	26.0	24.427	-2.3434072	1.1869284	3.195689
0.0	0	1.0	3.38	1.12	20.0	24.427	1.2178757	0.11332869	3.195689
0.0	1	1.0	0.091	6.852	30.0	24.427	-2.396896	1.9245406	3.195689
0.0	1	1.0	0.045	3.533	21.336	24.427	-3.1010928	1.2621473	3.195689
0.0	1	1.0	0.227	15.821	19.812	24.427	-1.4828053	2.7613382	3.195689
0.0	1	1.0	0.06	1.565	24.0	24.427	-2.8134108	0.44788587	3.195689
1.0	1	1.0	0.365	9.071	20.0	24.427	-1.0078579	2.2050824	3.195689
0.0	0	1.0	0.077	1.677	32.0	24.427	-2.5639498	0.5170065	3.195689
0.0	1	1.0	0.016	7.339	36.0	24.427	-4.1351666	1.9932026	3.195689
	0	1.0	0.086	32.941	36.0	24.427	-2.453408	3.494718	3.195689
	0	1.0	0.087	22.649	40.0	24.427	-2.441847	3.1201158	3.195689
0.0	0	1.0	0.059	68.28	36.0	24.427	-2.8302178	4.223617	3.195689
1.0	1	1.0	0.156	8.154	28.0	27.638	-1.8578993	2.0985086	3.3191917
0.0	0	1.0	3.323	2.692	28.0	27.638	1.200868	0.9902844	3.3191917
0.0	0	1.0	0.164	6.629	25.908	27.638	-1.8078889	1.891454	3.3191917
0.0	0	1.0	0.169	3.947	21.0	27.638	-1.7778566	1.3729558	3.3191917
	0	1.0	0.161	0.384	30.0	27.638	-1.8263509	-0.9571127	3.3191917
0.0	0	1.0	0.245	9.361	32.0	27.638	-1.406497	2.2365522	3.3191917
0.0	0	1.0	0.108	2.364	19.0	27.638	-2.225624	0.86035514	3.3191917
0.0	0	1.0	0.227	7.047	32.0	27.638	-1.4828053	1.952602	3.3191917
0.0	1	1.0	0.79	1.967	34.0	27.638	-0.2357223	0.67650956	3.3191917
0.0	1	1.0	3.059	1.561	34.0	27.638	1.1180881	0.44532663	3.3191917
0.0	1	1.0	1.05	13.281	19.0	27.638	0.04879012	2.5863345	3.3191917
0.0	1	1.0	0.361	22.826	19.0	27.638	-1.0188773	3.1279004	3.3191917
0.0	1	1.0	4.118	6.798	21.0	27.638	1.4153676	1.9166285	3.3191917
0.0	1	1.0	0.049	54.949	32.0	27.638	-3.015935	4.0064054	3.3191917
0.0	0	1.0	0.065	39.788	43.0	27.638	-2.7333682	3.6835654	3.3191917
1.0	1	1.0	0.026	3.5	33.0	27.638	-3.6496587	1.2527629	3.3191917
1.0	1	1.0	1.653	6.345	32.0	27.638	0.5025918	1.8476671	3.3191917
0.0	1	1.0	3.737	45.622	29.0	27.638	1.3182832	3.82039	3.3191917
0.0	0	1.0	0.018	0.286	35.0	27.638	-4.0173836	-1.2517635	3.3191917
0.0	1	1.0	1.013	53.296	34.0	27.638	0.012916236	3.9758613	3.3191917
0.0	1	1.0	0.037	14.09	38.0	27.638	-3.2968373	2.6454654	3.3191917
1.0	1	1.0	0.299	56.599	38.0	27.638	-1.2073117	4.035991	3.3191917
0.0	0	1.0	0.104	42.769	40.0	25.47	-2.2633643	3.7558136	3.2375011
0.0	0	1.0	3.018	3.185	34.0	25.47	1.1045943	1.1584523	3.2375011
0.0	0	1.0	0.064	4.232	35.052	25.47	-2.748872	1.4426746	3.2375011
0.0	0	1.0	0.016	2.326	37.0	25.47	-4.1351666	0.84415007	3.2375011
0.0	1	1.0	0.1	7.323	36.576	25.47	-2.3025851	1.9910201	3.2375011
0.0	0	1.0	3.039	39.843	33.528	25.47	1.1115285	3.6849468	3.2375011
0.0	1	1.0	0.062	4.019	33.528	25.47	-2.7806208	1.3910332	3.2375011
0.0	1	1.0	1.541	7.11	33.528	25.47	0.43243155	1.9615023	3.2375011
0.0	1	1.0	0.041	39.209	38.0	25.47	-3.194183	3.6689062	3.2375011
0.0	1	1.0	0.054	4.735	34.0	25.47	-2.9187713	1.5549817	3.2375011
1.0	1	1.0	0.106	1.404	34.0	25.47	-2.244316	0.33932534	3.2375011
0.0	1	1.0	0.054	30.039	35.0	25.47	-2.9187713	3.4024966	3.2375011
0.0	1	1.0	0.175	31.969	34.0	25.47	-1.7429693	3.4647667	3.2375011
0.0	1	1.0	0.128	20.799	35.0	25.47	-2.0557249	3.034905	3.2375011
0.0	0	1.0	0.197	58.992	46.0	23.667	-1.6245515	4.0774016	3.1640816
0.0	1	1.0	0.331	3.401	33.0	23.667	-1.105637	1.2240695	3.1640816
0.0	1	1.0	0.041	3.429	35.0	23.667	-3.194183	1.2322687	3.1640816
0.0	0	1.0	0.72	1.324	32.0	23.667	-0.32850403	0.28065747	3.1640816
0.0	0	1.0	0.034	1.924	38.0	23.667	-3.3813946	0.65440637	3.1640816
0.0	1	1.0	0.067	9.473	36.0	23.667	-2.7030625	2.2484455	3.1640816
0.0	0	1.0	1.257	13.498	38.0	23.667	0.2287279	2.6025414	3.1640816
	0	1.0	0.035	21.312	37.0	23.667	-3.3524072	3.0592704	3.1640816
0.0	0	1.0	0.137	18.554	38.0	23.667	-1.9877744	2.9206855	3.1640816
0.0	0	1.0	0.074	29.253	36.0	23.667	-2.6036901	3.375982	3.1640816
0.0	1	1.0	0.187	61.775	38.0	23.667	-1.6766466	4.123499	3.1640816
0.0	0	1.0	0.019	18.158	37.0	23.667	-3.9633164	2.8991113	3.1640816
0.0	1	0.0	0.049871847	73.512	1.0	24.67294	-2.9982986	4.2974486	3.205707
0.0	1	1.0		80.787	1.0	23.667		4.391816	3.1640816
0.0	1	1.0	0.027	127.893	17.0	23.667	-3.6119184	4.851194	3.1640816
0.0	1	1.0	0.047	54.535	29.0	23.667	-3.0576077	3.9988427	3.1640816
0.0	1	1.0	0.289	61.972	40.0	23.667	-1.2413286	4.1266828	3.1640816
0.0	1	1.0	0.029	11.903	37.0	23.667	-3.5404594	2.4767904	3.1640816
0.0	1	1.0	0.034	7.699	39.0	23.667	-3.3813946	2.0410905	3.1640816
0.0	1	1.0	0.032	17.4	37.0	23.667	-3.4420192	2.85647	3.1640816
0.0	1	1.0	0.16	43.536	33.0	23.667	-1.8325815	3.7735882	3.1640816
0.0	1	1.0	0.073	52.24	31.0	23.667	-2.6172957	3.9558485	3.1640816
0.0	1	1.0	0.031	8.174	33.528	23.667	-3.473768	2.1009583	3.1640816
0.0	1	1.0	0.104	38.7	32.0	23.667	-2.2633643	3.6558397	3.1640816
0.0	1	1.0	0.658	19.407	37.0	23.667	-0.41855037	2.9656339	3.1640816
0.0	1	1.0	0.049	7.878	33.528	23.667	-3.015935	2.064074	3.1640816
0.0	1	1.0	0.185	9.136	34.0	23.667	-1.6873994	2.2122226	3.1640816
0.0	1	1.0	0.651	37.312	34.0	23.667	-0.4292456	3.619315	3.1640816
0.0	1	1.0	0.108	3.849	33.528	23.667	-2.225624	1.3478134	3.1640816
0.0	1	1.0	0.106	7.194	34.0	23.667	-2.244316	1.9732473	3.1640816
0.0	1	1.0	0.382	58.363	31.0	23.667	-0.9623347	4.0666823	3.1640816
0.0	1	1.0	0.403	34.347	28.0	23.667	-0.9088187	3.5365148	3.1640816
0.0	1	1.0	0.029	2.629	22.0	23.667	-3.5404594	0.9666035	3.1640816
0.0	1	1.0	0.118	58.773	27.0	23.667	-2.1370707	4.0736823	3.1640816
0.0	1	1.0	2.512	37.827	34.0	23.667	0.9210793	3.633023	3.1640816
0.0	1	1.0		177.521	1.0	23.667		5.179089	3.1640816
0.0	1	1.0	0.02	64.152	20.0	23.667	-3.912023	4.1612554	3.1640816
0.0	1	1.0	0.133	54.359	34.0	23.667	-2.0174062	3.9956102	3.1640816
0.0	1	1.0	0.22	4.745	32.766	23.667	-1.5141277	1.5570914	3.1640816
0.0	1	1.0	0.169	0.661	35.0	23.667	-1.7778566	-0.4140014	3.1640816
0.0	1	1.0	0.028	36.566	36.0	23.667	-3.5755508	3.599119	3.1640816
0.0	1	1.0	0.084	33.83	25.0	23.667	-2.4769385	3.521348	3.1640816
0.0	1	1.0	0.211	53.344	24.0	23.667	-1.5558971	3.9767616	3.1640816
0.0	1	1.0	0.163	30.757	21.0	23.667	-1.814005	3.4261177	3.1640816
0.0	1	1.0	0.048	6.505	32.0	23.667	-3.0365543	1.8725711	3.1640816
0.0	1	1.0	1.456	178.416	5.0	23.667	0.37569293	5.184118	3.1640816
0.0	1	1.0	0.319	64.15	25.0	23.667	-1.1425642	4.161224	3.1640816
0.0	1	1.0	0.036	49.253	24.0	23.667	-3.3242364	3.8969703	3.1640816
0.0	1	1.0	0.065	37.75	20.0	23.667	-2.7333682	3.6309855	3.1640816
0.0	1	1.0	0.122	57.555	27.0	23.667	-2.1037343	4.052741	3.1640816
0.0	1	1.0	0.536	38.728	26.0	23.667	-0.6236211	3.6565628	3.1640816
0.0	1	1.0	0.004	27.182	21.0	23.667	-5.521461	3.3025548	3.1640816
0.0	1	1.0	0.017	28.58	28.0	23.667	-4.074542	3.3527071	3.1640816
